6  //Amount of media kinds: #0-grass #1-desert #2-forest #3-water #4-stones
1 0 0 1 1 0 //default compartible media
5  //Amount of compositions
0 1 //composition#1: forest-desert
15 0 1 178 179 180 181 182 183 184 185 186 187 188 189 190
1 2
1 3
3 4 5 6
1 7
3 8 9 10
2 11 12
1 13
1 14
2 15 16
3 17 18 19
1 20
3 21 22 23
1 24
1 25
11 26 27 28 193 194 195 196 197 198 199 200
1 3 //composition#2: desert-water
11 26 27 28 193 194 195 196 197 198 199 200
1 29
1 30
3 32 32 33
1 34
3 35 36 37
1 38
1 39
1 40
1 41
3 42 43 44
1 45
3 46 47 48
1 49
1 50
3 51 52 52
0 2 //composition#3: forest-grass
16 0 1 178 179 180 181 182 183 184 185 186 187 188 189 190 191
1 54
1 55
2 56 57
1 58
2 59 60
1 61 
1 62
1 63
1 64
2 65 66
1 67
2 68 69
1 70
1 71
2 72 73
1 4 //composition#4: desert-stones
11 26 27 28 193 194 195 196 197 198 199 200
1 74 
1 75
2 76 77
1 78
2 79 80
2 81 82
1 83
1 84
2 85 86
2 87 88
1 89
2 90 91
1 92 
1 93
3 94 95 96
0 5 //grass-fire
14 0 1 178 179 180 181 182 183 184 185 186 187 188 189
1 211
1 212
3 213 214 215
1 216
3 217 218 219
2 220 221
1 222
1 223
2 224 225
3 226 227 228
1 229
3 230 231 232
1 233
1 234
3 235 236 237